1 2 3 4 5 6 8 12 14 16 17 19 
1 2 3 4 6 9 10 11 12 13 14 16 18 19 
1 2 3 4 7 9 14 15 16 20 
1 2 3 5 7 8 10 12 14 15 16 
1 2 3 6 7 9 11 12 16 17 18 19 
1 2 4 5 6 8 9 11 13 16 17 18 20 
1 2 4 6 7 12 14 15 16 17 18 19 20 
1 2 4 6 8 9 10 12 14 17 18 19 20 
1 2 4 8 12 14 15 16 17 18 19 
1 2 4 11 12 13 17 18 19 
1 2 5 10 16 
1 2 6 7 9 10 14 16 18 19 
1 2 6 8 9 10 11 12 18 
1 2 8 10 14 15 16 17 
1 2 10 12 20 
1 3 5 6 8 11 14 17 
1 3 5 9 10 13 15 16 17 19 
1 3 5 11 12 14 15 16 19 
1 4 5 7 8 9 10 13 14 15 17 19 20 
1 4 5 8 9 10 14 17 19 
1 4 7 9 13 15 18 20 
1 5 6 13 14 16 19 20 
1 5 7 12 17 20 
1 5 8 9 11 14 15 17 18 19 
1 6 9 16 
1 7 8 9 11 12 13 15 16 
1 7 8 10 14 15 18 
1 7 9 
1 8 10 
1 8 11 18 
1 9 10 12 14 15 17 18 19 
1 9 11 13 15 17 18 19 
2 
2 3 4 5 6 7 9 11 12 14 15 16 17 18 
2 3 4 5 7 10 11 13 14 16 17 19 20 
2 3 4 7 8 9 10 13 15 
2 3 4 8 9 14 19 20 
2 3 4 9 10 14 17 18 20 
2 3 5 7 8 9 10 11 13 17 18 20 
2 3 5 7 9 10 14 17 19 
2 3 5 8 9 13 15 16 17 20 
2 3 6 10 15 
2 3 7 8 10 12 14 15 17 18 19 20 
2 3 7 12 13 17 18 
2 4 5 6 7 8 11 12 13 16 17 
2 4 5 6 7 16 17 18 
2 4 5 7 8 9 10 11 12 13 17 20 
2 4 5 14 15 20 
2 4 6 8 9 10 17 19 20 
2 4 7 8 9 12 14 16 17 19 20 
2 4 7 8 10 12 13 18 19 
2 4 7 9 11 12 14 16 18 
2 4 12 14 20 
2 4 15 
2 5 6 7 10 12 17 18 19 
2 7 
2 7 8 9 10 13 14 15 16 17 19 
2 8 11 13 14 15 20 
2 8 15 
3 4 6 7 8 9 10 12 13 17 20 
3 4 7 8 9 11 12 14 15 16 19 20 
3 4 7 8 9 11 12 15 16 18 19 
3 5 8 9 11 13 14 20 
3 6 8 13 15 16 20 
3 6 8 14 20 
3 6 11 15 
3 6 12 13 14 15 19 
3 7 9 19 20 
3 8 14 18 
3 11 12 13 18 
3 14 15 16 19 
4 5 7 9 13 15 16 18 19 
4 5 9 11 13 15 18 19 20 
4 5 12 15 
4 6 10 12 13 
4 9 10 16 18 19 
4 10 12 14 15 17 
4 10 20 
5 6 9 11 12 15 16 17 18 19 
5 6 12 15 16 
5 7 8 
5 8 9 11 12 17 20 
5 10 16 
5 12 
5 14 15 17 
6 11 12 13 15 16 17 20 
6 12 13 14 16 19 
6 13 17 
7 
7 9 12 14 16 18 19 
7 18 
8 9 10 12 15 17 19 
10 
10 11 15 17 19 20 
11 18 
13 16 18 19 
14 16 20 
15 
17 
18 
